# Tensor 3D guardado en formato compatible
# Dimensiones: batch=10, M=4, N=4 (K=1)
# Total elementos: 160
# Ubicación original: CPU (host)
# Formato: valores separados por espacios, organizados por batch, M, N
#
# Batch 0
10.000000 4.000000 4.000000 1.000000 
0.850000 0.850000 0.750000 0.750000 
1.000000 1.000000 1.000000 1.000000 
0.850000 0.850000 0.850000 0.850000 

# Batch 1
1.000000 1.000000 0.450000 0.950000 
0.550000 0.550000 0.550000 0.550000 
0.450000 0.650000 1.000000 1.000000 
0.950000 0.950000 0.950000 0.950000 

# Batch 2
1.000000 1.000000 1.000000 1.000000 
1.000000 0.950000 1.000000 0.950000 
1.000000 0.950000 1.000000 1.000000 
1.000000 1.000000 1.000000 1.000000 

# Batch 3
1.000000 1.000000 1.000000 1.000000 
0.900000 0.900000 0.900000 0.500000 
1.000000 1.000000 1.000000 1.000000 
0.900000 0.900000 0.900000 0.900000 

# Batch 4
1.000000 1.000000 0.900000 0.900000 
0.900000 0.900000 0.950000 0.950000 
0.900000 0.900000 1.000000 1.000000 
0.950000 0.800000 0.900000 0.800000 

# Batch 5
1.000000 1.000000 0.750000 0.750000 
0.850000 0.850000 0.950000 0.950000 
0.950000 0.750000 1.000000 1.000000 
0.950000 0.750000 0.850000 0.850000 

# Batch 6
1.000000 1.000000 1.000000 1.000000 
1.000000 0.950000 1.000000 0.950000 
1.000000 0.950000 1.000000 1.000000 
1.000000 1.000000 1.000000 1.000000 

# Batch 7
1.000000 1.000000 1.000000 1.000000 
0.600000 0.800000 0.600000 0.600000 
1.000000 1.000000 1.000000 1.000000 
0.800000 0.800000 0.800000 0.800000 

# Batch 8
1.000000 1.000000 0.700000 1.000000 
0.750000 0.700000 0.850000 0.850000 
0.700000 0.700000 1.000000 1.000000 
0.850000 1.000000 0.750000 1.000000 

# Batch 9
1.000000 1.000000 1.000000 1.000000 
0.050000 0.050000 0.050000 0.050000 
1.000000 1.000000 1.000000 1.000000 
0.750000 0.750000 0.750000 0.750000 

