# Convertido desde: EE.npy
# Dimensiones: batch=10, M=4, N=4
# Rango: [0.050000, 1.000000]
10 4 4
# Batch 0
1.00000000 0.75000000 0.75000000 0.85000000
0.75000000 1.00000000 0.85000000 0.45000000
0.75000000 0.85000000 1.00000000 0.65000000
0.85000000 0.45000000 0.65000000 1.00000000

# Batch 1
1.00000000 0.55000000 0.55000000 0.45000000
0.35000000 1.00000000 0.35000000 0.35000000
0.35000000 0.95000000 1.00000000 0.35000000
0.95000000 0.95000000 0.95000000 1.00000000

# Batch 2
1.00000000 0.95000000 0.95000000 1.00000000
0.95000000 1.00000000 0.95000000 1.00000000
0.95000000 0.95000000 1.00000000 1.00000000
1.00000000 1.00000000 1.00000000 1.00000000

# Batch 3
1.00000000 0.50000000 0.50000000 0.90000000
0.50000000 1.00000000 0.90000000 0.90000000
0.50000000 0.90000000 1.00000000 0.90000000
0.90000000 0.90000000 0.90000000 1.00000000

# Batch 4
1.00000000 0.95000000 0.15000000 0.90000000
0.20000000 1.00000000 0.80000000 0.70000000
0.20000000 0.80000000 1.00000000 0.65000000
0.80000000 0.75000000 0.60000000 1.00000000

# Batch 5
1.00000000 0.95000000 0.75000000 0.75000000
0.85000000 1.00000000 0.95000000 0.65000000
0.75000000 0.85000000 1.00000000 0.65000000
0.75000000 0.65000000 0.65000000 1.00000000

# Batch 6
1.00000000 0.95000000 0.95000000 1.00000000
0.95000000 1.00000000 0.95000000 1.00000000
0.95000000 0.95000000 1.00000000 1.00000000
1.00000000 1.00000000 1.00000000 1.00000000

# Batch 7
1.00000000 0.60000000 0.80000000 0.60000000
0.55000000 1.00000000 0.90000000 0.60000000
0.55000000 0.80000000 1.00000000 0.60000000
0.70000000 0.70000000 0.70000000 1.00000000

# Batch 8
1.00000000 0.85000000 0.55000000 0.75000000
0.55000000 1.00000000 0.55000000 0.55000000
0.45000000 0.55000000 1.00000000 0.60000000
1.00000000 1.00000000 1.00000000 1.00000000

# Batch 9
1.00000000 0.05000000 0.05000000 0.05000000
0.05000000 1.00000000 0.75000000 0.55000000
0.05000000 0.75000000 1.00000000 0.05000000
0.05000000 0.65000000 0.75000000 1.00000000
