# Convertido desde: reflexive.npy
# Dimensiones: batch=1, M=6, N=6
# Rango: [0.000000, 1.000000]
# Batch 0
1.00000000 0.20000000 0.89999998 0.80000001 0.10000000 0.50000000
0.00000000 1.00000000 0.30000001 0.89999998 0.80000001 0.60000002
0.10000000 0.40000001 1.00000000 0.80000001 0.10000000 0.10000000
0.00000000 0.60000002 0.10000000 1.00000000 0.40000001 0.20000000
0.00000000 1.00000000 0.30000001 0.80000001 1.00000000 1.00000000
0.20000000 0.30000001 0.40000001 0.60000002 0.50000000 1.00000000
